0 done
1 done
2 done
3 done
4 done
5 done
6 done
7 done
8 done
9 done
10 done
11 done
12 done
13 done
14 done
15 done
16 done
17 done
18 done
19 done
20 done
21 done
22 done
23 done
24 done
25 done
26 done
27 done
28 done
29 done
30 done
31 done
32 done
33 done
34 done
35 done
36 done
37 done
38 done
39 done
40 done
41 done
42 done
43 done
44 done
45 done
46 done
47 done
48 done
49 done
50 done
51 done
52 done
53 done
54 done
55 done
56 done
57 done
58 done
59 done
60 done
61 done
62 done
63 done
64 done
65 done
66 done
67 done
68 done
69 done
70 done
71 done
72 done
73 done
74 done
75 done
76 done
77 done
78 done
79 done
80 done
81 done
82 done
83 done
84 done
85 done
86 done
87 done
88 done
89 done
90 done
91 done
92 done
93 done
94 done
95 done
96 done
97 done
98 done
99 done
100 done
101 done
102 done
103 done
104 done
105 done
106 done
107 done
108 done
109 done
110 done
111 done
112 done
113 done
114 done
115 done
116 done
117 done
118 done
119 done
120 done
121 done
122 done
123 done
124 done
125 done
126 done
127 done
128 done
129 done
130 done
131 done
132 done
133 done
134 done
135 done
136 done
137 done
138 done
139 done
140 done
141 done
142 done
143 done
144 done
145 done
146 done
147 done
148 done
149 done
150 done
151 done
152 done
153 done
154 done
155 done
156 done
157 done
158 done
159 done
160 done
161 done
162 done
163 done
164 done
165 done
166 done
167 done
168 done
169 done
170 done
171 done
172 done
173 done
174 done
175 done
176 done
177 done
178 done
179 done
180 done
181 done
182 done
183 done
184 done
185 done
186 done
187 done
188 done
189 done
190 done
191 done
192 done
193 done
194 done
195 done
196 done
197 done
198 done
199 done
200 done
201 done
202 done
203 done
204 done
205 done
206 done
207 done
208 done
209 done
210 done
211 done
212 done
213 done
214 done
215 done
216 done
217 done
218 done
219 done
220 done
221 done
222 done
223 done
224 done
225 done
226 done
227 done
228 done
229 done
230 done
231 done
232 done
233 done
234 done
235 done
236 done
237 done
238 done
239 done
240 done
241 done
242 done
243 done
244 done
245 done
246 done
247 done
248 done
249 done
250 done
251 done
252 done
253 done
254 done
255 done
exp,0,1,2,3,4,5,6,7,8,9,10,11,12,13,14,15
0,0,0,0,0,0,0,0,8388608,0,0,0,0,0,0,0,0
1,0,0,0,0,0,0,0,8388608,0,0,0,0,0,0,0,0
2,0,0,0,0,0,0,0,8388608,0,0,0,0,0,0,0,0
3,0,0,0,0,0,0,0,8388608,0,0,0,0,0,0,0,0
4,0,0,0,0,0,0,0,8388608,0,0,0,0,0,0,0,0
5,0,0,0,0,0,0,0,8388608,0,0,0,0,0,0,0,0
6,0,0,0,0,0,0,0,8388608,0,0,0,0,0,0,0,0
7,0,0,0,0,0,0,0,8388608,0,0,0,0,0,0,0,0
8,0,0,0,0,0,0,0,8388608,0,0,0,0,0,0,0,0
9,0,0,0,0,0,0,0,8388608,0,0,0,0,0,0,0,0
10,0,0,0,0,0,0,0,8388608,0,0,0,0,0,0,0,0
11,0,0,0,0,0,0,0,8388608,0,0,0,0,0,0,0,0
12,0,0,0,0,0,0,0,8388608,0,0,0,0,0,0,0,0
13,0,0,0,0,0,0,0,8388608,0,0,0,0,0,0,0,0
14,0,0,0,0,0,0,0,8388608,0,0,0,0,0,0,0,0
15,0,0,0,0,0,0,0,8388608,0,0,0,0,0,0,0,0
16,0,0,0,0,0,0,0,8388608,0,0,0,0,0,0,0,0
17,0,0,0,0,0,0,0,8388608,0,0,0,0,0,0,0,0
18,0,0,0,0,0,0,0,8388608,0,0,0,0,0,0,0,0
19,0,0,0,0,0,0,0,8388608,0,0,0,0,0,0,0,0
20,0,0,0,0,0,0,0,8388608,0,0,0,0,0,0,0,0
21,0,0,0,0,0,0,0,8388608,0,0,0,0,0,0,0,0
22,0,0,0,0,0,0,0,8388608,0,0,0,0,0,0,0,0
23,0,0,0,0,0,0,0,8388608,0,0,0,0,0,0,0,0
24,0,0,0,0,0,0,0,8388608,0,0,0,0,0,0,0,0
25,0,0,0,0,0,0,0,8388608,0,0,0,0,0,0,0,0
26,0,0,0,0,0,0,0,8388608,0,0,0,0,0,0,0,0
27,0,0,0,0,0,0,0,8388608,0,0,0,0,0,0,0,0
28,0,0,0,0,0,0,0,8388608,0,0,0,0,0,0,0,0
29,0,0,0,0,0,0,0,8388608,0,0,0,0,0,0,0,0
30,0,0,0,0,0,0,0,8388608,0,0,0,0,0,0,0,0
31,0,0,0,0,0,0,0,8388608,0,0,0,0,0,0,0,0
32,0,0,0,0,0,0,0,8388608,0,0,0,0,0,0,0,0
33,0,0,0,0,0,0,0,8388608,0,0,0,0,0,0,0,0
34,0,0,0,0,0,0,0,8388608,0,0,0,0,0,0,0,0
35,0,0,0,0,0,0,0,8388608,0,0,0,0,0,0,0,0
36,0,0,0,0,0,0,0,8388608,0,0,0,0,0,0,0,0
37,0,0,0,0,0,0,0,8388608,0,0,0,0,0,0,0,0
38,0,0,0,0,0,0,0,8388608,0,0,0,0,0,0,0,0
39,0,0,0,0,0,0,0,8388608,0,0,0,0,0,0,0,0
40,0,0,0,0,0,0,0,8388608,0,0,0,0,0,0,0,0
41,0,0,0,0,0,0,0,8388608,0,0,0,0,0,0,0,0
42,0,0,0,0,0,0,0,8388608,0,0,0,0,0,0,0,0
43,0,0,0,0,0,0,0,8388608,0,0,0,0,0,0,0,0
44,0,0,0,0,0,0,0,8388608,0,0,0,0,0,0,0,0
45,0,0,0,0,0,0,0,8388608,0,0,0,0,0,0,0,0
46,0,0,0,0,0,0,0,8388608,0,0,0,0,0,0,0,0
47,0,0,0,0,0,0,0,8388608,0,0,0,0,0,0,0,0
48,0,0,0,0,0,0,0,8388608,0,0,0,0,0,0,0,0
49,0,0,0,0,0,0,0,8388608,0,0,0,0,0,0,0,0
50,0,0,0,0,0,0,0,8388608,0,0,0,0,0,0,0,0
51,0,0,0,0,0,0,0,8388608,0,0,0,0,0,0,0,0
52,0,0,0,0,0,0,0,8388608,0,0,0,0,0,0,0,0
53,0,0,0,0,0,0,0,8388608,0,0,0,0,0,0,0,0
54,0,0,0,0,0,0,0,8388608,0,0,0,0,0,0,0,0
55,0,0,0,0,0,0,0,8388608,0,0,0,0,0,0,0,0
56,0,0,0,0,0,0,0,8388608,0,0,0,0,0,0,0,0
57,0,0,0,0,0,0,0,8388608,0,0,0,0,0,0,0,0
58,0,0,0,0,0,0,0,8388608,0,0,0,0,0,0,0,0
59,0,0,0,0,0,0,0,8388608,0,0,0,0,0,0,0,0
60,0,0,0,0,0,0,0,8388608,0,0,0,0,0,0,0,0
61,0,0,0,0,0,0,0,8388608,0,0,0,0,0,0,0,0
62,0,0,0,0,0,0,0,8388608,0,0,0,0,0,0,0,0
63,0,0,0,0,0,0,0,8388608,0,0,0,0,0,0,0,0
64,0,0,0,0,0,0,0,8388608,0,0,0,0,0,0,0,0
65,0,0,0,0,0,0,0,8388608,0,0,0,0,0,0,0,0
66,0,0,0,0,0,0,0,8388608,0,0,0,0,0,0,0,0
67,0,0,0,0,0,0,0,8388608,0,0,0,0,0,0,0,0
68,0,0,0,0,0,0,0,8388608,0,0,0,0,0,0,0,0
69,0,0,0,0,0,0,0,8388608,0,0,0,0,0,0,0,0
70,0,0,0,0,0,0,0,8388608,0,0,0,0,0,0,0,0
71,0,0,0,0,0,0,0,8388608,0,0,0,0,0,0,0,0
72,0,0,0,0,0,0,0,8388608,0,0,0,0,0,0,0,0
73,0,0,0,0,0,0,0,8388608,0,0,0,0,0,0,0,0
74,0,0,0,0,0,0,0,8388608,0,0,0,0,0,0,0,0
75,0,0,0,0,0,0,0,8388608,0,0,0,0,0,0,0,0
76,0,0,0,0,0,0,0,8388608,0,0,0,0,0,0,0,0
77,0,0,0,0,0,0,0,8388608,0,0,0,0,0,0,0,0
78,0,0,0,0,0,0,0,8388608,0,0,0,0,0,0,0,0
79,0,0,0,0,0,0,0,8388608,0,0,0,0,0,0,0,0
80,0,0,0,0,0,0,0,8388608,0,0,0,0,0,0,0,0
81,0,0,0,0,0,0,0,8388608,0,0,0,0,0,0,0,0
82,0,0,0,0,0,0,0,8388608,0,0,0,0,0,0,0,0
83,0,0,0,0,0,0,0,8388608,0,0,0,0,0,0,0,0
84,0,0,0,0,0,0,0,8388608,0,0,0,0,0,0,0,0
85,0,0,0,0,0,0,0,8388608,0,0,0,0,0,0,0,0
86,0,0,0,0,0,0,0,8388608,0,0,0,0,0,0,0,0
87,0,0,0,0,0,0,0,8388608,0,0,0,0,0,0,0,0
88,0,0,0,0,0,0,0,8388608,0,0,0,0,0,0,0,0
89,0,0,0,0,0,0,0,8388608,0,0,0,0,0,0,0,0
90,0,0,0,0,0,0,0,8388608,0,0,0,0,0,0,0,0
91,0,0,0,0,0,0,0,8388608,0,0,0,0,0,0,0,0
92,0,0,0,0,0,0,0,8388608,0,0,0,0,0,0,0,0
93,0,0,0,0,0,0,0,8388608,0,0,0,0,0,0,0,0
94,0,0,0,0,0,0,0,8388608,0,0,0,0,0,0,0,0
95,0,0,0,0,0,0,0,8388608,0,0,0,0,0,0,0,0
96,0,0,0,0,0,0,0,8388608,0,0,0,0,0,0,0,0
97,0,0,0,0,0,0,0,8388608,0,0,0,0,0,0,0,0
98,0,0,0,0,0,0,0,8388608,0,0,0,0,0,0,0,0
99,0,0,0,0,0,0,0,8388608,0,0,0,0,0,0,0,0
100,0,0,0,0,0,0,0,8388608,0,0,0,0,0,0,0,0
101,0,0,0,0,0,0,0,8388608,0,0,0,0,0,0,0,0
102,0,0,0,0,0,0,0,8388608,0,0,0,0,0,0,0,0
103,0,0,0,0,0,0,0,8388608,0,0,0,0,0,0,0,0
104,0,0,0,0,0,0,0,8388608,0,0,0,0,0,0,0,0
105,0,0,0,0,0,0,0,8388608,0,0,0,0,0,0,0,0
106,0,0,0,0,0,0,0,8388608,0,0,0,0,0,0,0,0
107,0,0,0,0,0,0,0,8388608,0,0,0,0,0,0,0,0
108,0,0,0,0,0,0,0,8388608,0,0,0,0,0,0,0,0
109,0,0,0,0,0,0,0,8388608,0,0,0,0,0,0,0,0
110,0,0,0,0,0,0,0,8388608,0,0,0,0,0,0,0,0
111,0,0,0,0,0,0,0,8388608,0,0,0,0,0,0,0,0
112,0,0,0,0,0,0,0,8388608,0,0,0,0,0,0,0,0
113,0,0,0,0,0,0,0,8388608,0,0,0,0,0,0,0,0
114,0,0,0,0,0,0,0,8388608,0,0,0,0,0,0,0,0
115,0,0,0,0,0,0,0,8388608,0,0,0,0,0,0,0,0
116,0,0,0,0,0,0,0,8388608,0,0,0,0,0,0,0,0
117,0,0,0,0,0,0,0,8388608,0,0,0,0,0,0,0,0
118,0,0,0,0,0,0,0,8388608,0,0,0,0,0,0,0,0
119,0,0,0,0,0,0,0,8388608,0,0,0,0,0,0,0,0
120,0,0,0,0,0,0,0,8388608,0,0,0,0,0,0,0,0
121,0,0,0,0,0,0,0,8388608,0,0,0,0,0,0,0,0
122,0,0,0,0,0,0,0,2292480,6096128,0,0,0,0,0,0,0
123,0,0,0,0,0,0,0,0,7751780,636828,0,0,0,0,0,0
124,0,0,0,0,0,0,0,0,0,5269473,3119135,0,0,0,0,0
125,0,0,0,0,0,0,0,0,0,0,1409749,3264805,3714054,0,0,0
126,0,0,0,0,0,0,0,0,0,0,0,0,27908,2367660,3669034,2324006
127,0,0,0,0,0,0,0,0,0,0,0,0,0,0,0,8388608
128,0,0,0,0,0,0,0,0,0,0,0,0,0,0,0,8388608
129,0,0,0,0,0,0,0,0,0,0,0,0,0,0,0,8388608
130,0,0,0,0,0,0,0,0,0,0,0,0,0,0,0,8388608
131,0,0,0,0,0,0,0,0,0,0,0,0,0,0,0,8388608
132,0,0,0,0,0,0,0,0,0,0,0,0,0,0,0,8388608
133,0,0,0,0,0,0,0,0,0,0,0,0,0,0,0,8388608
134,0,0,0,0,0,0,0,0,0,0,0,0,0,0,0,8388608
135,0,0,0,0,0,0,0,0,0,0,0,0,0,0,0,8388608
136,0,0,0,0,0,0,0,0,0,0,0,0,0,0,0,8388608
137,0,0,0,0,0,0,0,0,0,0,0,0,0,0,0,8388608
138,0,0,0,0,0,0,0,0,0,0,0,0,0,0,0,8388608
139,0,0,0,0,0,0,0,0,0,0,0,0,0,0,0,8388608
140,0,0,0,0,0,0,0,0,0,0,0,0,0,0,0,8388608
141,0,0,0,0,0,0,0,0,0,0,0,0,0,0,0,8388608
142,0,0,0,0,0,0,0,0,0,0,0,0,0,0,0,8388608
143,0,0,0,0,0,0,0,0,0,0,0,0,0,0,0,8388608
144,0,0,0,0,0,0,0,0,0,0,0,0,0,0,0,8388608
145,0,0,0,0,0,0,0,0,0,0,0,0,0,0,0,8388608
146,0,0,0,0,0,0,0,0,0,0,0,0,0,0,0,8388608
147,0,0,0,0,0,0,0,0,0,0,0,0,0,0,0,8388608
148,0,0,0,0,0,0,0,0,0,0,0,0,0,0,0,8388608
149,0,0,0,0,0,0,0,0,0,0,0,0,0,0,0,8388608
150,0,0,0,0,0,0,0,0,0,0,0,0,0,0,0,8388608
151,0,0,0,0,0,0,0,0,0,0,0,0,0,0,0,8388608
152,0,0,0,0,0,0,0,0,0,0,0,0,0,0,0,8388608
153,0,0,0,0,0,0,0,0,0,0,0,0,0,0,0,8388608
154,0,0,0,0,0,0,0,0,0,0,0,0,0,0,0,8388608
155,0,0,0,0,0,0,0,0,0,0,0,0,0,0,0,8388608
156,0,0,0,0,0,0,0,0,0,0,0,0,0,0,0,8388608
157,0,0,0,0,0,0,0,0,0,0,0,0,0,0,0,8388608
158,0,0,0,0,0,0,0,0,0,0,0,0,0,0,0,8388608
159,0,0,0,0,0,0,0,0,0,0,0,0,0,0,0,8388608
160,0,0,0,0,0,0,0,0,0,0,0,0,0,0,0,8388608
161,0,0,0,0,0,0,0,0,0,0,0,0,0,0,0,8388608
162,0,0,0,0,0,0,0,0,0,0,0,0,0,0,0,8388608
163,0,0,0,0,0,0,0,0,0,0,0,0,0,0,0,8388608
164,0,0,0,0,0,0,0,0,0,0,0,0,0,0,0,8388608
165,0,0,0,0,0,0,0,0,0,0,0,0,0,0,0,8388608
166,0,0,0,0,0,0,0,0,0,0,0,0,0,0,0,8388608
167,0,0,0,0,0,0,0,0,0,0,0,0,0,0,0,8388608
168,0,0,0,0,0,0,0,0,0,0,0,0,0,0,0,8388608
169,0,0,0,0,0,0,0,0,0,0,0,0,0,0,0,8388608
170,0,0,0,0,0,0,0,0,0,0,0,0,0,0,0,8388608
171,0,0,0,0,0,0,0,0,0,0,0,0,0,0,0,8388608
172,0,0,0,0,0,0,0,0,0,0,0,0,0,0,0,8388608
173,0,0,0,0,0,0,0,0,0,0,0,0,0,0,0,8388608
174,0,0,0,0,0,0,0,0,0,0,0,0,0,0,0,8388608
175,0,0,0,0,0,0,0,0,0,0,0,0,0,0,0,8388608
176,0,0,0,0,0,0,0,0,0,0,0,0,0,0,0,8388608
177,0,0,0,0,0,0,0,0,0,0,0,0,0,0,0,8388608
178,0,0,0,0,0,0,0,0,0,0,0,0,0,0,0,8388608
179,0,0,0,0,0,0,0,0,0,0,0,0,0,0,0,8388608
180,0,0,0,0,0,0,0,0,0,0,0,0,0,0,0,8388608
181,0,0,0,0,0,0,0,0,0,0,0,0,0,0,0,8388608
182,0,0,0,0,0,0,0,0,0,0,0,0,0,0,0,8388608
183,0,0,0,0,0,0,0,0,0,0,0,0,0,0,0,8388608
184,0,0,0,0,0,0,0,0,0,0,0,0,0,0,0,8388608
185,0,0,0,0,0,0,0,0,0,0,0,0,0,0,0,8388608
186,0,0,0,0,0,0,0,0,0,0,0,0,0,0,0,8388608
187,0,0,0,0,0,0,0,0,0,0,0,0,0,0,0,8388608
188,0,0,0,0,0,0,0,0,0,0,0,0,0,0,0,8388608
189,0,0,0,0,0,0,0,0,0,0,0,0,0,0,0,8388608
190,0,0,0,0,0,0,0,0,0,0,0,0,0,0,0,8388608
191,0,0,0,0,0,0,0,0,0,0,0,0,0,0,0,8388608
192,0,0,0,0,0,0,0,0,0,0,0,0,0,0,0,8388608
193,0,0,0,0,0,0,0,0,0,0,0,0,0,0,0,8388608
194,0,0,0,0,0,0,0,0,0,0,0,0,0,0,0,8388608
195,0,0,0,0,0,0,0,0,0,0,0,0,0,0,0,8388608
196,0,0,0,0,0,0,0,0,0,0,0,0,0,0,0,8388608
197,0,0,0,0,0,0,0,0,0,0,0,0,0,0,0,8388608
198,0,0,0,0,0,0,0,0,0,0,0,0,0,0,0,8388608
199,0,0,0,0,0,0,0,0,0,0,0,0,0,0,0,8388608
200,0,0,0,0,0,0,0,0,0,0,0,0,0,0,0,8388608
201,0,0,0,0,0,0,0,0,0,0,0,0,0,0,0,8388608
202,0,0,0,0,0,0,0,0,0,0,0,0,0,0,0,8388608
203,0,0,0,0,0,0,0,0,0,0,0,0,0,0,0,8388608
204,0,0,0,0,0,0,0,0,0,0,0,0,0,0,0,8388608
205,0,0,0,0,0,0,0,0,0,0,0,0,0,0,0,8388608
206,0,0,0,0,0,0,0,0,0,0,0,0,0,0,0,8388608
207,0,0,0,0,0,0,0,0,0,0,0,0,0,0,0,8388608
208,0,0,0,0,0,0,0,0,0,0,0,0,0,0,0,8388608
209,0,0,0,0,0,0,0,0,0,0,0,0,0,0,0,8388608
210,0,0,0,0,0,0,0,0,0,0,0,0,0,0,0,8388608
211,0,0,0,0,0,0,0,0,0,0,0,0,0,0,0,8388608
212,0,0,0,0,0,0,0,0,0,0,0,0,0,0,0,8388608
213,0,0,0,0,0,0,0,0,0,0,0,0,0,0,0,8388608
214,0,0,0,0,0,0,0,0,0,0,0,0,0,0,0,8388608
215,0,0,0,0,0,0,0,0,0,0,0,0,0,0,0,8388608
216,0,0,0,0,0,0,0,0,0,0,0,0,0,0,0,8388608
217,0,0,0,0,0,0,0,0,0,0,0,0,0,0,0,8388608
218,0,0,0,0,0,0,0,0,0,0,0,0,0,0,0,8388608
219,0,0,0,0,0,0,0,0,0,0,0,0,0,0,0,8388608
220,0,0,0,0,0,0,0,0,0,0,0,0,0,0,0,8388608
221,0,0,0,0,0,0,0,0,0,0,0,0,0,0,0,8388608
222,0,0,0,0,0,0,0,0,0,0,0,0,0,0,0,8388608
223,0,0,0,0,0,0,0,0,0,0,0,0,0,0,0,8388608
224,0,0,0,0,0,0,0,0,0,0,0,0,0,0,0,8388608
225,0,0,0,0,0,0,0,0,0,0,0,0,0,0,0,8388608
226,0,0,0,0,0,0,0,0,0,0,0,0,0,0,0,8388608
227,0,0,0,0,0,0,0,0,0,0,0,0,0,0,0,8388608
228,0,0,0,0,0,0,0,0,0,0,0,0,0,0,0,8388608
229,0,0,0,0,0,0,0,0,0,0,0,0,0,0,0,8388608
230,0,0,0,0,0,0,0,0,0,0,0,0,0,0,0,8388608
231,0,0,0,0,0,0,0,0,0,0,0,0,0,0,0,8388608
232,0,0,0,0,0,0,0,0,0,0,0,0,0,0,0,8388608
233,0,0,0,0,0,0,0,0,0,0,0,0,0,0,0,8388608
234,0,0,0,0,0,0,0,0,0,0,0,0,0,0,0,8388608
235,0,0,0,0,0,0,0,0,0,0,0,0,0,0,0,8388608
236,0,0,0,0,0,0,0,0,0,0,0,0,0,0,0,8388608
237,0,0,0,0,0,0,0,0,0,0,0,0,0,0,0,8388608
238,0,0,0,0,0,0,0,0,0,0,0,0,0,0,0,8388608
239,0,0,0,0,0,0,0,0,0,0,0,0,0,0,0,8388608
240,0,0,0,0,0,0,0,0,0,0,0,0,0,0,0,8388608
241,0,0,0,0,0,0,0,0,0,0,0,0,0,0,0,8388608
242,0,0,0,0,0,0,0,0,0,0,0,0,0,0,0,8388608
243,0,0,0,0,0,0,0,0,0,0,0,0,0,0,0,8388608
244,0,0,0,0,0,0,0,0,0,0,0,0,0,0,0,8388608
245,0,0,0,0,0,0,0,0,0,0,0,0,0,0,0,8388608
246,0,0,0,0,0,0,0,0,0,0,0,0,0,0,0,8388608
247,0,0,0,0,0,0,0,0,0,0,0,0,0,0,0,8388608
248,0,0,0,0,0,0,0,0,0,0,0,0,0,0,0,8388608
249,0,0,0,0,0,0,0,0,0,0,0,0,0,0,0,8388608
250,0,0,0,0,0,0,0,0,0,0,0,0,0,0,0,8388608
251,0,0,0,0,0,0,0,0,0,0,0,0,0,0,0,8388608
252,0,0,0,0,0,0,0,0,0,0,0,0,0,0,0,8388608
253,0,0,0,0,0,0,0,0,0,0,0,0,0,0,0,8388608
254,0,0,0,0,0,0,0,0,0,0,0,0,0,0,0,8388608
255,8388607,0,0,0,0,0,0,0,0,0,0,0,0,0,0,1
